0.450974
0.021908
-0.864768
0.63803
0.52825
1822.007193
3.811781
0.01
0
-0.894427
0.627941
-16830747.07
677945.3055
-0.814417
0.086979
535.959314
48.50013
-0.820399
0.826922
0.025114
0.006857
-0.820662
0.888542
14.144706
1.07224
-0.819777
0.112961
-390396.9163
258382.8767
-0.845861
0.669852
341292151.1
143772733.3
-0.836757
0.437232
911.572266
7.900526
-0.845054
0.710917
159.038086
12.468712
-0.8358
0.694976
0.333776
0.006514
-0.843621
0.775931
0.021822
0.005361
-0.796106
0.701998
27.395735
32.701949
-0.840891
0.323905
0.116613
0.052194
-0.794348
0.637484
-0.613805
-3.421199
-1.573637
-1.313537
-1.160982
-1.463605
-1.449336
-1.227475
-1.23369
-1.167064
-0.84319
-0.946808
-0.881842
0.088858
0.088202
0.092358
0.074776
0.065526
0.046869
0.053137
0.065488
0.058572
0.049545
0.067793
0.063278
0.05676
-0.823384
-0.829786
-0.794388
-0.795508
-0.760603
-0.769941
-0.772273
-0.786262
-0.837493
-0.80943
-0.826068
-0.811124
-0.79869
1.111615
1.143376
1.143376
1.111615
1.177004
1.143376
1.177004
1.177004
1.111615
1.111615
0
0
0
0
0
0
0
0
0
0
0
0.682418
0.660333
0.668996
0.698678
0.668381
0.666391
0.636748
0.673411
0.627972
0.60227
0.61807
0.629744
0.627481
-0.154463
-0.092199
-0.057057
-0.045126
-0.058904
-0.037942
-0.042226
-0.063128
-0.081274
-0.059514
-0.042747
-0.036373
-0.050628
0.028518
0.023209
0.024536
0.026391
0.020591
0.015794
0.014557
0.015664
0.015938
0.018593
0.015574
0.014826
0.014527
-0.665675
-0.641957
-0.603039
-0.604466
-0.663381
-0.62767
-0.639674
-0.76295
-0.610203
-0.597391
-0.713923
-0.688863
-0.595464
1.290908
1.333938
1.333938
1.333938
1.333938
1.333938
1.333938
1.379936
1.379936
1.333938
1.333938
1.333938
1.379936
0
0
0
0
0.008474
0
0
0.001158
0
0.016557
0
0
0
0.508948
0.607638
0.636515
0.695322
0.606798
0.663374
0.674389
0.660796
0.648801
0.608943
0.573621
0.599451
0.569924
-0.040512
-0.026647
-0.012877
-0.023018
-0.018474
-0.020406
-0.026237
-0.01891
-0.011627
-0.011399
-0.018749
-0.014986
-0.009357
0.010873
0.009112
0.007247
0.007195
0.006256
0.006631
0.006153
0.005552
0.004885
0.005635
0.005381
0.00481
0.006205
-0.82846
-0.512382
-0.555524
-0.667362
-0.63818
-0.739082
-0.764527
-0.703037
-0.539856
-0.641558
-0.663037
-0.719052
-0.61129
1.482154
1.482154
1.482154
1.53916
1.600726
1.53916
1.600726
1.600726
1.600726
1.667423
1.482154
1.600726
1.600726
0
0
0
0
0
0
0
0
0
0
0
0
0
0.630778
0.636448
0.592531
0.685232
0.678772
0.646313
0.66743
0.656955
0.659449
0.606052
0.643402
0.598554
0.667827
71.142857
8.835998
-0.821642
0.629888
0.257143
64.613173
18.868525
-0.784175
0.655009
44.986111
0.117851
-0.772753
0.935459
-0.845585
0.941079
47.327016
0.112653
-0.833765
0.941157
0.262149
0
-1.461211
0.931453
-0.333453
0
-0.836711
1.315789
0
0.729605
0
0
-0.742251
1.449275
0.000344
0.577019
