1.029604
0.853705
0.854057
0.972813
6.101822
31793.94574
4.883697
0.0725
0.045
0.83666
0.955817
1164428477
739888870.6
0.838502
0.956362
8878.223834
3574.052874
0.816541
0.974038
0.78624
0.314095
0.817027
0.972284
1931.135635
8415.242448
0.81589
0.96863
10549890.13
11943579.93
0.846416
0.975429
13891037178
22191286654
0.837279
0.974192
19115.02441
8051.068694
0.816564
0.971129
16665.46875
6610.890851
0.825911
0.972367
0.905408
0.422653
0.818859
0.963954
0.524866
0.353332
0.679005
0.972088
109891.408
159982.9899
0.824621
0.974242
1.828396
0.681586
0.80711
0.972115
6.346724
1.596436
1.693841
1.03382
1.198321
0.969708
1.118149
0.810064
1.064648
1.02767
1.10544
0.954062
0.955676
2.892573
1.644339
0.834807
0.679887
0.660844
0.742669
0.729639
0.899322
0.890155
0.718822
0.735417
0.625254
0.924246
0.837939
0.829577
0.827604
0.786815
0.82251
0.814986
0.80609
0.786487
0.800122
0.7927
0.814331
0.801858
0.801161
20.009074
20.009074
20.009074
20.009074
20.009074
20.009074
20.009074
20.009074
20.009074
20.009074
0.926411
0.902858
0.88725
0.901871
0.880309
0.90242
0.866847
0.896842
0.874729
0.885978
0.876193
0.965525
0.971318
0.971165
0.96759
0.970854
0.971278
0.968615
0.969145
0.965729
0.967285
0.969888
0.970447
0.966651
0.182816
0.085171
0.043698
0.060886
0.048873
0.062481
0.042981
0.061099
0.052302
0.041758
0.042211
0.049007
0.065041
0.528692
0.330508
0.237024
0.17997
0.196866
0.195378
0.174293
0.155098
0.149701
0.15832
0.161552
0.123997
0.146375
0.64886
0.559233
0.657236
0.696115
0.553972
0.616552
0.525373
0.671324
0.597697
0.73954
0.629539
0.56351
0.675076
20.009074
20.009074
13.339383
20.009074
13.339383
10.004537
10.004537
10.004537
13.339383
13.339383
20.009074
10.004537
10.004537
0.686203
0.679237
0.68261
0.730372
0.65729
0.686683
0.596179
0.627687
0.660175
0.685853
0.704134
0.689588
0.626145
0.925608
0.927921
0.930287
0.921519
0.930074
0.927391
0.931269
0.932351
0.92527
0.926371
0.929967
0.928434
0.92791
0.053447
0.020726
0.013196
0.017524
0.008649
0.01127
0.011133
0.011593
0.008711
0.011479
0.011816
0.013243
0.015799
0.253431
0.162815
0.102559
0.081037
0.091203
0.092742
0.087098
0.079562
0.075929
0.0838
0.076816
0.05598
0.06378
0.642216
0.7962
0.661158
0.613912
0.451935
0.565675
0.824224
0.621436
0.81979
0.613832
0.707611
0.746541
0.777257
10.004537
10.004537
10.004537
13.339383
10.004537
10.004537
10.004537
8.00363
10.004537
10.004537
8.00363
13.339383
8.00363
0.76288
0.710372
0.724982
0.71958
0.705319
0.656766
0.69185
0.704077
0.679881
0.695764
0.732644
0.731655
0.651477
0.936366
0.929514
0.923947
0.930508
0.941539
0.929694
0.921832
0.930914
0.936035
0.932602
0.926597
0.939955
0.930484
4275.714286
2610.466425
0.825468
0.97348
0.852941
958.832648
1127.332006
0.785393
0.972209
93.92
20.149189
0.795463
0.968169
0.863845
0.956983
87.500568
14.170317
0.860086
0.963591
0.91155
0.239237
0.852049
0.973388
0.237484
0.192895
1.461175
50
0.831299
0.975591
0.32444
0.334321
0.653018
50
0.946299
0.978746
